1 3 3 3 F 6 8 1 3 3 3 F 6 8 3 F 6 8
2 6 6 8 3 1 2 2 F 6 8 3 1 2 3 7 6 8
2 1 6 8 3 1 T3 2 9 6 8 3 T1 2 3 F 6 8
1 3 3 3 F 6 8 1 3 3 3 F 6 8 3 2 6 2
2 6 T4 2 3 1 2 2 F 6 2 3 1 2 3 2 6 2
2 6 6 2 3 1 2 2 2 6 2 3 1 2 3 3 6 2
1 3 3 3 F 6 2 1 3 3 3 F 6 2 3 T1 6 2
2 F 6 2 3 1 2 2 F 6 2 3 1 2 3 3 6 2
2 2 6 2 3 1 2 2 F 6 2 3 T4 2 3 4 6 4
1 3 3 3 F 6 2 1 3 3 3 F 6 2 3 5 6 2
2 1 6 2 3 1 2 2 F 6 2 3 1 T3 3 3 6 2
2 1 T2 2 3 1 2 2 9 6 2 3 1 2 3 7 6 4
1 3 3 3 F 6 2 1 3 3 3 F 6 2 3 9 6 4
2 F 6 2 3 1 2 2 1 6 2 3 1 2 3 4 6 2
2 F 6 2 3 1 2 2 1 6 2 3 1 2 3 5 6 2
1 3 3 3 F 6 2 1 T2 3 3 F 6 2 3 F 6 2
2 F 6 8 3 1 2 2 F 6 8 3 1 2 3 4 6 8
2 1 6 8 3 1 2 2 F 6 8 3 1 2 3 F 6 8